Final Results of simulation: 
	Tw: 0.233482920725075
	Tq: 0.2534620209732416
	w_cpu: 1.2308919579199282
	q_cpu: 2.818866231240963
	w_disk: 1.5245550181981353
	q_disk: 2.331056489006332
	w_net: 4.122800019943162
	q_net: 5.005035648402054
	Confidence level of q (95 percentile): [2.818866231240963-7.167997580319798, 2.818866231240963+7.167997580319798]
	Confidence level of Tq (95th percentile): [0.2534620209732416-0.9214440035878934, 0.2534620209732416+0.9214440035878934]
,	Confidence level of q (98 percentile): [2.818866231240963-8.484568564460169, 2.818866231240963+8.484568564460169]
	Confidence level of Tq (98th percentile): [0.2534620209732416-1.0906888205734249, 0.2534620209732416+1.0906888205734249]